ref:
   861     2    20    25     7     0    71     0    14     0
     3   967     3    19     5     0     1     0     2     0
    18     0   776    13   126     0    61     0     6     0
    26    13    11   891    35     0    18     0     6     0
     0     0    56    35   857     0    44     0     8     0
     0     0     1     1     0   944     0    33     2    19
   143     0    76    38    94     0   627     0    22     0
     0     0     0     0     0    18     0   961     0    21
     2     0     3     8     5     1     5     6   970     0
     0     0     0     0     0     6     0    41     1   952

final:
   876     3    17    20     4     2    65     3    10     0
     8   965     0    17     4     0     6     0     0     0
    24     0   770     9   120     1    71     1     4     0
    40    11    14   875    36     2    19     0     3     0
     2     3    82    29   828     0    51     1     4     0
     0     0     1     1     0   931     0    44     2    21
   181     1    91    29    78     2   605     1    12     0
     0     0     0     0     0     9     0   970     0    21
     2     0     7     7     3     1    11     6   963     0
     0     0     0     2     0     8     1    42     0   947